52.308056, 4.764167
52.541090138220234, 1.848738124180501
52.57845370868331, 1.856151430826293
52.615713692349644, 1.864860628052226
52.652853479539914, 1.8748651374789844
52.68985647180822, 1.8861637844545212
52.726706089564196, 1.8987547925683637
52.76338577976485, 1.9126357784347157
52.79987902367237, 1.9278037467583276
52.836169344675035, 1.9442550856971943
52.872240316166895, 1.9619855625361797
52.90807556948286, 1.9809903196857306
52.94365880188516, 2.0012638710197854
52.97897378459663, 2.022800098567011
53.014004370876826, 2.0455922495693795
53.048734504136014, 2.0696329339220028
53.08314822608267, 2.0949141220080154
53.11722968489912, 2.121427142942119
53.15096314344036, 2.1491626832361113
53.18433298745081, 2.1781107858995794
53.21732373379332, 2.208260849988524
53.249920038684856, 2.2396016306144344
52.63266116814007, -1.0996128916948642
52.71464937283046, -1.0913484317274271
52.796499506669484, -1.0799684080612764
52.87816805255701, -1.0654612765399198
52.9596113430613, -1.0478171135586472
53.04078558257784, -1.0270276596586525
53.12164687009693, -1.003086363025628
53.20215122258169, -0.9759884227936224
53.28225459895738, -0.9457308320492475
53.36191292471128, -0.9123124204260469
53.44108211710104, -0.8757338961731804
53.51971811096714, -0.8359978875775287
53.59777688514454, -0.793108983613072
53.67521448946521, -0.747073773686525
53.751987072342956, -0.6979008863434997
53.8280509089287, -0.6456010267950907
53.90336242982271, -0.5901870131207563
53.9778782503284, -0.5316738109994992
54.051555200229515, -0.47007856681833093
54.12435035407062, -0.40542063900389813
54.19622106191803, -0.3377216274211232
52.589312713268036, -4.05426917835439
52.722012295782044, -4.05355588098548
52.8546581246784, -4.047459595853113
52.98716950400754, -4.035934654648897
53.11946507764914, -4.018938105160696
53.251462867280765, -3.9964298531831863
53.38308031242139, -3.9683728081024734
53.51423431262462, -3.9347330319373546
53.6448412718943, -3.89547989158494
53.77481714539192, -3.8505862139811837
53.904077488502736, -3.8000284438484284
54.032537508321965, -3.743786803661874
54.160112117619, -3.6818454554251234
54.28671599133075, -3.614192663802382
54.41226362562946, -3.540820960110813
54.53666939960233, -3.4617273066322207
54.65984763957324, -3.3769132606581964
54.781712686086244, -3.286385137637944
54.90217896356173, -3.190154172753208
55.0211610526249, -3.0882366802010015
55.13857376509398, -2.9806542094220383
52.41911103221244, -6.9913308193997326
52.60732897750406, -7.007709706126957
52.795736608383145, -7.0161270255726125
52.98420748373839, -7.016473775021033
53.17261348982821, -7.008644046712615
53.36082488028378, -6.992535330073719
53.5487103205034, -6.968048830708741
53.73613693676416, -6.935089806275294
53.92297037038469, -6.893567919265672
54.109074837281, -6.84339760660741
54.29431319326165, -6.784498465872413
54.478547005412345, -6.716795657746519
54.66163662992066, -6.640220324260302
54.84344129668923, -6.554710022116111
55.023819201081764, -6.460209170266283
55.20262760313608, -6.35666951070352
55.37972293456834, -6.2440505812162845
55.55496091387391, -6.122320198641474
55.7281966698117, -5.991454950913586
55.899284873531435, -5.851440695966176
56.068079879573155, -5.702273065289323
52.13134697819895, -9.890481841854381
52.37857008670991, -9.933908517244092
52.62641047769889, -9.966660378437286
52.87469052802796, -9.988533404132255
53.123229365964605, -9.999325264633505
53.37184287758665, -9.998835790386014
53.62034371934178, -9.986867484413214
53.86854133759315, -9.963226080776476
54.116241996041666, -9.927721151074685
54.36324881197246, -9.880166760863535
54.60936180233126, -9.820382177691286
54.85437794069126, -9.748192632214899
55.09809122622386, -9.663430133572696
55.340292765834945, -9.565934339841476
55.580770870672126, -9.455553483991611
55.81931116824436, -9.332145355268821
56.0556967314228, -9.195578335370708
56.28970822561002, -9.04573248814577
56.521124075368554, -8.882500700821446
56.749720651791186, -8.705789873960303
56.97527248186823, -8.515522156454686
51.73620457848904, -12.735515713360837
52.044618664377936, -12.815688281539728
52.3542684590827, -12.88252856082072
52.66492368904256, -12.935709524949285
52.9763487752545, -12.974901652268723
53.28830275010209, -12.99977344260775
53.600539178563196, -13.009992016284137
53.91280608525864, -13.005223802437065
54.224845888978976, -12.985135324159412
54.53639534651242, -12.94939408810043
54.84718550779378, -12.897669586334832
55.15694168460064, -12.82963441832456
55.46538343523764, -12.744965540714425
55.7722245678706, -12.643345652476906
56.07717316539686, -12.524464722527807
56.379931634961466, -12.388021666344855
56.68019678545063, -12.233726177303769
56.97765993650333, -12.061300717368503
57.27200706277787, -11.870482670401902
57.56291897738347, -11.661026659665982
57.85007155852815, -11.432707029027757
51.2444271155084, -15.51451483049259
51.614984766695684, -15.640309940763004
51.9875755614264, -15.750350240410274
52.36191918233829, -15.84416735621382
52.737727698757965, -15.92128290515939
53.11470532972433, -15.981208778594567
53.49254820236312, -16.023447541640166
53.870944107362114, -16.047492963466897
54.24957225364079, -16.05283069544561
54.62810302469442, -16.038939115600463
55.00619773952545, -16.005290359210257
55.38350842155218, -15.95135155677788
55.75967757941524, -15.87658630187515
56.13433800417845, -15.780456372514589
56.507112588049814, -15.662423730630078
56.877614170423335, -15.521952824882696
57.24544541776067, -15.358513222248565
57.610198744587784, -15.171582593575259
57.971456283663876, -14.960650077385921
58.32878991417658, -14.725220044515059
58.68176135760872, -14.464816283519937
50.66700670327156, -18.219727327842392
51.09952950579214, -18.398775706451918
51.53503391041687, -18.560029897903682
51.97319566842927, -18.702875715558303
52.413680690272166, -18.826678312094256
52.85614460170183, -18.930781808815123
53.300232276384016, -19.014509040352916
53.74557734590963, -19.077161439412684
54.19180168867595, -19.118019089688143
54.63851489964336, -19.136340978903085
55.085313743640725, -19.13136548809699
55.53178159567578, -19.102311157757708
55.97748787262086, -19.048377776175005
56.42198746170376, -18.968747840387273
56.864820152455295, -18.862588445231424
57.30551008015955, -18.729053661156453
57.74356519043365, -18.56728746645203
58.178476736337885, -18.37642730414531
58.609718821387624, -18.155608337739697
59.036748004002746, -17.90396848283678
59.459002981271865, -17.62065429304361
50.014915599628694, -20.847214152397324
50.508216303802946, -21.08562282620823
51.00555788138227, -21.304686493597195
51.506580734213685, -21.5036562206284
52.010913631186824, -21.68174959892754
52.51817303497968, -21.8381492453955
53.02796237673018, -21.972001354730708
53.53987127716102, -22.082414333308353
54.05347471307229, -22.168457548881047
54.5683321286322, -22.229160237440365
55.08398649157311, -22.263510616513948
55.59996329526904, -22.270455263278038
56.115769508770946, -22.24889882623309
56.6308924782528, -22.197704150898172
57.14479878502284, -22.11569291307124
57.65693306733641, -22.001646867671838
58.16671681576964, -21.854309836950094
58.673547154937864, -21.672390578730457
59.17679562793549, -21.454566693038114
59.675807004094764, -21.199489743427858
60.16989813556229, -20.905791786857115
49.29888902993894, -23.39634938147787
49.850900720222654, -23.698558930394338
50.40807555368004, -23.980420118535687
50.97002840293689, -24.24107485741241
51.536361447559536, -24.47961817475301
52.10666329096109, -24.69509518491254
52.680507991001356, -24.886497969645248
53.25745399859905, -25.052762389714125
53.837042998611075, -25.192764855031463
54.41879864728686, -25.30531908992218
55.002225200814216, -25.389172940993262
55.5868060298897, -25.443005288343734
56.17200201593734, -25.465423136866445
56.75724982564163, -25.454958983627108
57.34196006195474, -25.410068580235933
57.925515291799414, -25.329129236253372
58.50726795346157, -25.210438841472783
59.08653815031729, -25.052215821830647
59.66261134226012, -24.85260028601141
60.2347359522117, -24.609656667631963
60.80212091265299, -24.321378220956806
48.52926180332853, -25.869251118212954
49.13716388590533, -26.238004675357903
49.751363498707256, -26.58596919901334
50.371459870252224, -26.912214429581095
50.997039384383584, -27.21575103490807
51.62767454842271, -27.49552584854178
52.26292284167722, -27.75041680267811
52.902325433322794, -27.979227551861385
53.545405757775455, -28.18068178910365
54.19166793477473, -28.353417263733817
54.84059502053947, -28.495979520517885
55.49164707558849, -28.60681539308502
56.14425903420646, -28.68426630227873
56.79783836017213, -28.726561432733128
57.45176247337803, -28.731810889956165
58.10537593252102, -28.697998976916786
58.75798736034485, -28.622977775249232
59.40886610024836, -28.504461273613096
60.05723859678679, -28.34002035660253
60.702284498136315, -28.12707905414174
61.343132486514925, -27.86291255580393
47.71585541051949, -28.27020520399185
48.376189360203824, -28.70660121827553
49.043917327072336, -29.122308801105696
49.718631909449996, -29.516369491067138
50.399913646746185, -29.887756470852068
51.087329929183554, -30.235368141897588
51.780433762625705, -30.558021137050112
52.47876237239994, -30.85444272770367
53.18183562804682, -31.123262581874798
53.88915426876239, -31.363003831208417
54.60019790692647, -31.572073408583577
55.31442278454834, -31.748751624634217
56.03125925472787, -31.891180962209077
56.75010895738362, -31.997354083994452
57.47034165561533, -32.065101072064905
58.19129169628121, -32.09207595140342
58.91225405587142, -32.075742595498674
59.63247993083594, -32.01336017486046
60.35117183058229, -31.901968393544422
61.06747813196477, -31.738372870539678
61.78048705703034, -31.51913116940426
46.86790882977798, -30.60512544429094
47.57667956273915, -31.10872675827894
48.293856815676754, -31.592232534884452
49.01903408974251, -32.05470228917121
49.75179443910025, -32.4951220463519
50.49170942232097, -32.9123965985273
51.23833789709494, -33.30534095113916
51.991224638602716, -33.67267086801669
52.74989875894154, -34.012992414861095
53.51387190160311, -34.32479039186059
54.28263618108853, -34.60641553725228
55.055661833256714, -34.856070375634005
55.83239453687669, -35.071793578554605
56.612252361025824, -35.251442701638254
57.3946222864017, -35.39267516403794
58.1788562412714, -35.49292734492095
58.96426658468023, -35.5493916915363
59.75012096078034, -35.55899176915038
60.5356364389003, -35.51835524155811
61.31997284463748, -35.42378486122557
62.10222517842509, -35.27122768297233
45.99404468173796, -32.88107640743988
46.746805820750566, -33.45005193153104
47.508862009458156, -33.99994977072567
48.2798134294906, -34.529891386760774
49.059252036019906, -35.038924391596865
49.84676064012988, -35.52601404948188
50.64191183817321, -35.99003378040989
51.44426676744101, -36.429754529457924
52.253373663929786, -36.84383284708004
53.06876619379585, -37.230797503476715
53.88996152510869, -37.58903443545906
54.716458100614474, -37.91676979668457
55.54773306521677, -38.21205085178971
56.3832392935778, -38.47272442205394
57.22240195340861, -38.69641255544305
58.06461452838149, -38.88048505843387
58.90923421088308, -39.022028493043166
59.755576558713216, -39.11781121346316
60.60290929103179, -39.164243998265825
61.45044507709951, -39.157335833704394
62.29733314646432, -39.09264443824236
45.10226218471665, -35.10587050910623
45.894185251992255, -35.737150888709614
46.69613537390772, -36.35071893803342
47.5077234483768, -36.945796248236356
48.32855469929127, -37.521534944197526
49.15822795223678, -38.077009109359366
49.996334774550945, -38.61120512266876
50.84245846076115, -39.12301074194686
51.69617284087366, -39.611202739888
52.55704088467664, -40.074432865701084
53.4246130700061, -40.51121186624854
54.298425476599064, -40.919891254346126
55.17799755947082, -41.29864245745718
56.06282954638598, -41.64543291600599
56.95239939255922, -41.95799862550412
57.84615921173504, -42.233812529169484
58.74353108566294, -42.4700480663855
59.643902132966055, -42.663537066382275
60.546618692656416, -42.81072104482436
61.450979445789656, -42.90759481920378
62.356227260210204, -42.94964120212745
44.19994905816062, -37.287740804002226
45.0258778025969, -37.977174701785835
45.86238464212925, -38.650528189125474
46.709093709788434, -39.30715286591543
47.56562606167506, -39.94633938806728
48.431599172954535, -40.56730948960393
49.30662632459112, -41.16920694321963
50.1903158657087, -41.751087284997496
51.082270333410115, -42.31190609631579
51.9820854081483, -42.85050559655093
52.88934867814986, -43.36559925247024
53.8036381807416, -43.855754052298316
54.72452068144063, -44.31937002197994
55.65154964299945, -44.75465647523105
56.58426282579825, -45.15960438394964
57.522179447469036, -45.53195412699599
58.46479681267771, -45.86915771777563
59.411586302596106, -46.16833441794082
60.36198858659549, -46.426218406828674
61.31540788410155, -46.639096888785716
62.2712050610255, -46.802736663001866
43.29390567154701, -39.43508440606371
44.1483974199714, -40.17758661845143
45.013821185589684, -40.90582739528307
45.88981569052446, -41.61930849394115
46.77601896498188, -42.31748236620039
47.67206805485546, -42.99974534512878
48.57759864958325, -43.66542990446536
49.49224462002675, -44.313795830443944
50.41563745393371, -44.94402011420043
51.34740557381778, -45.5551853339548
52.287173518712834, -46.146266248300975
53.234560967054435, -46.71611426288263
54.189181572692924, -47.26343935954606
55.15064157944719, -47.78678898595853
56.118538171287405, -48.28452328977553
57.09245750467855, -48.754785938386355
58.071972356127624, -49.19546958489799
59.056639300780475, -49.60417481158609
60.045995315308595, -49.97816109308851
61.03955366977259, -50.31428794598435
62.03679893475084, -50.60894395726081
42.39037602855475, -41.55626799426477
43.26773227257217, -42.34595427736289
44.15616929188607, -43.12331037513705
45.055340989303886, -43.8879981767358
45.96490255117203, -44.639643765958375
46.88451032908768, -45.377832161418915
47.81382166895287, -46.102101342719614
48.75249468185382, -46.81193543548025
49.700187949944436, -47.506756901906684
50.65656015890029, -48.1859175513186
51.62126964649575, -48.84868814507871
52.59397385434412, -49.494246320568784
53.5743286666757, -50.12166249650111
54.56198761603437, -50.72988334334244
55.5566009306922, -51.317712303207294
56.55781439208191, -51.883786516938954
57.56526796216285, -52.426549353897286
58.57859412989068, -52.94421752992658
59.597415911459244, -53.43474152924257
60.621344420857255, -53.89575768723779
61.64997590197672, -54.324529826618935
41.4950814175602, -43.65948556339643
42.38936992770318, -44.48979172302653
43.29468245922474, -45.30974314762423
44.21068831574722, -46.119162023659015
45.13705952723955, -46.917848790456716
46.073470850575106, -47.70557861031886
47.01959973819574, -48.482097378276585
47.97512627297979, -49.24711718771044
48.939733066838116, -50.00031115056789
49.91310511985232, -50.7413074492711
50.894929635881674, -51.469682470499976
51.88489578945668, -52.184952837388124
52.88269443738214, -52.88656611434689
53.8880177667072, -53.57388990517385
54.90055886847376, -54.24619899689537
55.920011223774466, -54.902660114353154
56.94606808493313, -55.54231373766928
57.97842172976285, -56.16405228806259
59.0167625606371, -56.76659379440286
60.0607780113253, -57.348449901057734
61.11015121396184, -57.90788673543178
40.61325364796285, -45.752658669271405
41.51832434061935, -46.61644328664099
42.43416357918621, -47.47183241300022
43.3604562516756, -48.31879987037652
44.296890836613386, -49.15731114931019
45.24315946184651, -49.987321579079584
46.198957944204, -50.80877429041351
47.163985810186176, -51.62159793164427
48.13794629770835, -52.42570409108101
49.12054633874545, -53.22098436829502
50.11149652250216, -54.00730702447958
51.11051103845567, -54.7845131263946
52.1173075982792, -55.55241207872959
53.131607335225034, -56.310776414822605
54.153134679010265, -57.0593356839669
55.1816172035646, -57.797769232879105
56.21678544412634, -58.52569762638244
57.258372679023516, -59.24267238410877
58.30611467014434, -59.94816361964381
59.35974935374012, -60.641545051933775
60.41901647131553, -61.322075696991305
39.74966568974326, -47.843370290880245
40.65916232948075, -48.73300158239673
41.57898659330117, -49.616127946813464
42.50883935172017, -50.492858765080186
43.448425375231515, -51.36330687517812
44.39745339661758, -52.22758824108731
45.35563615927551, -53.085821632317305
46.32269045232539, -53.93812831325724
47.29833713324538, -54.784631741376764
48.28230113875483, -55.62545727306239
49.27431148464049, -56.46073187558908
50.274101255193855, -57.29058384339884
51.28140758289956, -58.115142516462676
52.29597161898527, -58.93453799802567
53.31753849541531, -59.74890086844398
54.34585727887999, -60.558361891082754
55.3806809173045, -61.363051705305296
56.421766179371765, -62.16310050037583
57.46887358750286, -62.95863766263882
58.5217673448718, -63.74979138555665
59.58021525652641, -64.53668823159133
38.908658241972525, -49.9388246633406
39.81602788893525, -50.84625258778244
40.73311783233976, -51.74895275768841
41.65964569153519, -52.64714830473879
42.595332820456804, -53.54107527887423
43.53990433268253, -54.43098349670173
44.49308911203891, -55.31713756179802
45.454619809048424, -56.199818083262336
46.42423282340559, -57.07932312401118
47.40166827254662, -57.955969916635574
48.3866699462293, -58.83009689245718
49.37898524686307, -59.70206607911766
50.37836511511549, -60.572265934124715
51.38456394005921, -61.441114696921815
52.39733945280258, -62.30906436112734
53.41645260214728, -63.17660539276025
54.44166741031447, -64.04427235108724
55.472750806145854, -64.91265060827926
56.509472432372164, -65.78238441518175
57.55160442246604, -66.6541866271745
58.598921141403075, -67.52885049072543
38.094161295914816, -52.04582675278887
38.99266323327755, -52.96264173723509
39.90013576526647, -53.876355413582566
40.816314448462265, -54.78727894737447
41.74093805161992, -55.69574316796291
42.673748520890534, -56.602100219559716
43.61449092716674, -57.50672548047896
44.562913394866776, -58.41001979142438
45.51876701120541, -59.31241204133903
46.481805714678835, -60.21436216866931
47.45178616110653, -61.11636464730911
48.428467565100654, -62.0189525404993
49.41161151426457, -62.92270222323684
50.40098175271601, -63.82823889514809
51.39634392966111, -64.73624303242849
52.3974653076637, -65.64745796079819
53.40411442389316, -66.56269877338963
54.41606069592357, -67.48286287060539
55.43307396147319, -68.40894246663939
56.45492393868398, -69.342039494082
57.48137958990666, -70.28338345006779
37.30971015907761, -54.170776289471696
38.1924258743065, -55.088255971703155
39.083248299796644, -56.00407967344634
39.98193249979218, -56.91861882643801
40.88823600785899, -57.83226847162953
41.80191872807369, -58.745449335772776
42.722742814526875, -59.65861021138919
43.65047252749475, -60.57223068434726
44.5848740642285, -61.48682426111695
45.525715361828446, -62.40294195720864
46.47276586909122, -63.32117641971085
47.42579628351882, -64.24216667066943
48.384578248832824, -65.16660357488075
49.34888400730381, -66.09523615623867
50.31848599994438, -67.02887891201159
51.293156406055346, -67.96842030553066
52.27266661168859, -68.91483265628582
53.25678659418829, -69.86918369434666
54.245284206963476, -70.83265010594539
55.237924344854605, -71.80653347238561
56.234467965646544, -72.79227909963964
36.55845569807502, -56.319672368100036
37.41830135038353, -57.228817641549355
38.28530709971606, -58.137547335433496
39.15924934842849, -59.04626513874739
40.03990614176063, -59.95539967891351
40.92705701605341, -60.8654066928471
41.82048282298305, -61.77677148816309
42.71996552755799, -62.690011734212334
43.62528797716717, -63.605680629183425
44.536233638424235, -64.52437049728563
45.452586297907885, -65.44671687929473
46.37412972212981, -66.37340319081969
47.30064727113923, -67.30516603591941
48.231921459064004, -68.2428012796586
49.16773345354959, -69.18717100244561
50.1078625044286, -70.13921148230156
51.052085289971586, -71.09994237952476
52.00017516664177, -72.07047733273905
52.95190130528476, -73.0520362175656
53.90702769299329, -74.04595937107088
54.86531197529217, -75.05372414916712
35.84316876762587, -58.49812553428988
36.672911453433095, -59.38968699999671
37.50881863057029, -60.28185094759964
38.35068994206011, -61.175026765612685
39.19832588487332, -62.06964789088964
40.051527626159306, -62.9661738202274
40.910096795632114, -63.865092367465664
41.77383525172348, -64.76692219705694
42.64254481868813, -65.67221566975631
43.51602699135021, -66.58156204155405
44.39408260359518, -67.49559106339012
45.27651145602545, -68.41497703673024
46.16311189738574, -69.34044338896395
47.053680353401454, -70.27276784306885
47.94801079553129, -71.2127882683899
48.845894140766184, -72.1614093140945
49.747117571975465, -73.11960994435627
50.651463766330544, -74.08845201516122
51.558710016970295, -75.06909005753019
52.468627230199175, -76.06278246175482
53.38097877702481, -77.07090429301174
35.16623894319881, -60.7113750005512
35.958517969360024, -61.57587072699708
36.75595183045698, -62.441753679626316
37.558365150140524, -63.309415354796556
38.36558274751986, -64.17926872960656
39.17742944609219, -65.05174995143395
39.99372986137622, -65.92732021411938
40.81430816513202, -66.80646784213238
41.638987823713904, -67.68971060694423
42.467591307720305, -68.57759830316182
43.299939769658835, -69.4707156158075
44.13585268582757, -70.36968531454873
44.97514745801547, -71.27517181578654
45.81763896992285, -72.18788515941235
46.663139092386885, -73.10858545387741
47.51145613053835, -74.03808785114028
48.36239420488939, -74.97726812225096
49.21575255702833, -75.92706891500907
50.07132476903059, -76.88850678754763
50.92889788384498, -77.86268012613554
51.78825141171536, -78.85077807229335
34.529667783987065, -62.96430918763161
35.27702207121405, -63.79203448753485
36.0285424406318, -64.62169420702115
36.78407981390839, -65.45364260432012
37.54348483711818, -66.28825178623573
38.306607704949926, -67.12591300278635
39.0732979678496, -67.96703806961368
39.843404320488794, -68.81206093111598
40.616774369723515, -69.66143937881158
41.39325437995112, -70.51565694117525
42.17268899348722, -71.37522496315655
42.954920923250995, -72.24068489580485
43.73979061467323, -73.11261081893335
44.52713587330645, -73.99161222258567
45.31679145412366, -74.87833707626996
46.10858860792086, -75.77347521854173
46.902354579583154, -76.67776210360266
47.69791205222048, -77.59198294619523
48.495078530303545, -78.5169773112729
49.29366565392473, -79.453644200784
50.09347843513828, -80.40294769648777
33.93505693520443, -65.26148818618
34.62995959685812, -66.04251796360509
35.3280941336231, -66.82579491041088
36.02933839855565, -67.61162193240352
36.733569703905104, -68.40031569818062
37.44066467671729, -69.19220754162046
38.15049910226718, -69.98764444253761
38.86294775424564, -70.78699009239898
39.57788421051774, -71.59062605266071
40.295180653124, -72.39895301405856
41.014707651036254, -73.21239216603236
41.73633392400017, -74.03138668639839
42.45992608559706, -74.85640336241504
43.18534836342981, -75.68793435552016
43.91246229408526, -76.52649912326629
44.64112639023876, -77.37264651334897
45.37119577694405, -78.22695704612148
46.10252179378767, -79.090045403628
46.83495155917757, -79.96256314496762
47.56832749257066, -80.8452016697331
48.30248678992216, -81.73869545334978
40.641766, -73.780968
